**** Joint 0 : 
  Calibration revision : v12.4.-1596919919
  K_tau    tau_avg  Stiction-  Stiction+  TauMax-  TauMax+  Avg. temp. 
  +0.1170   0.1450  -0.08721    +0.08644  -0.2300   0.2357     +38.77

  Ang. vel.    U        I      Temp     Tau       Km 
    -2.30   +20.757   -1.966  +43.95   -0.230   +0.089
    -1.50   +13.570   -1.634  +43.88   -0.191   +0.089
    -0.50    +4.581   -1.204  +43.74   -0.141   +0.089
    -0.01    +0.179   -0.745  +42.91   -0.087   +0.112
    +0.00    +0.000   +0.000   +0.00   +0.000     -nan
    +0.01    +0.179   +0.739  +42.44   +0.086   +0.112
    +0.50    +4.578   +1.213  +43.94   +0.142   +0.089
    +1.50   +13.550   +1.642  +43.99   +0.192   +0.088
    +2.30   +20.719   +2.014  +44.12   +0.236   +0.088
------------------------------------------------------------------

**** Joint 1 : 
  Calibration revision : v12.4.-1596919919
  K_tau    tau_avg  Stiction-  Stiction+  TauMax-  TauMax+  Avg. temp. 
  +0.1173   0.1543  -0.09208    +0.09220  -0.2504   0.2471     +39.02

  Ang. vel.    U        I      Temp     Tau       Km 
    -2.30   +20.818   -2.135  +44.30   -0.250   +0.089
    -1.50   +13.611   -1.727  +44.14   -0.203   +0.089
    -0.50    +4.595   -1.261  +43.80   -0.148   +0.089
    -0.01    +0.184   -0.785  +43.26   -0.092   +0.113
    +0.00    +0.000   +0.000   +0.00   +0.000     -nan
    +0.01    +0.184   +0.786  +42.85   +0.092   +0.113
    +0.50    +4.590   +1.250  +44.10   +0.147   +0.089
    +1.50   +13.587   +1.789  +44.28   +0.210   +0.089
    +2.30   +20.772   +2.107  +44.50   +0.247   +0.089
------------------------------------------------------------------

**** Joint 2 : 
  Calibration revision : v12.4.-1596919919
  K_tau    tau_avg  Stiction-  Stiction+  TauMax-  TauMax+  Avg. temp. 
  +0.0997   0.1183  -0.06952    +0.06491  -0.2041   0.1994     +40.26

  Ang. vel.    U        I      Temp     Tau       Km 
    -3.20   +23.732   -2.046  +46.12   -0.204   +0.072
    -1.50   +11.215   -1.548  +45.84   -0.154   +0.071
    -0.50    +3.837   -1.110  +44.59   -0.111   +0.069
    -0.01    +0.202   -0.697  +45.47   -0.070   -0.007
    +0.00    +0.000   +0.000   +0.00   +0.000     -nan
    +0.01    +0.198   +0.651  +42.83   +0.065   +0.003
    +0.50    +3.824   +1.108  +45.45   +0.110   +0.069
    +1.50   +11.163   +1.513  +45.89   +0.151   +0.071
    +3.20   +23.576   +1.999  +46.19   +0.199   +0.071
------------------------------------------------------------------

**** Joint 3 : 
  Calibration revision : v12.4.-1596919919
  K_tau    tau_avg  Stiction-  Stiction+  TauMax-  TauMax+  Avg. temp. 
  +0.1038   0.0412  -0.02111    +0.02088  -0.0743   0.0740     +39.28

  Ang. vel.    U        I      Temp     Tau       Km 
    -3.20   +23.938   -0.716  +44.56   -0.074   +0.072
    -1.50   +11.348   -0.543  +44.38   -0.056   +0.072
    -0.50    +3.863   -0.327  +43.86   -0.034   +0.071
    -0.01    +0.194   -0.203  +43.90   -0.021   +0.035
    +0.00    +0.000   +0.000   +0.00   +0.000     -nan
    +0.01    +0.195   +0.201  +43.45   +0.021   +0.038
    +0.50    +3.855   +0.327  +44.23   +0.034   +0.071
    +1.50   +11.302   +0.540  +44.41   +0.056   +0.072
    +3.20   +23.814   +0.714  +44.70   +0.074   +0.072
------------------------------------------------------------------

**** Joint 4 : 
  Calibration revision : v12.4.-1596919919
  K_tau    tau_avg  Stiction-  Stiction+  TauMax-  TauMax+  Avg. temp. 
  +0.1014   0.0440  -0.02403    +0.02434  -0.0829   0.0797     +38.88

  Ang. vel.    U        I      Temp     Tau       Km 
    -3.20   +23.443   -0.818  +44.13   -0.083   +0.071
    -1.50   +11.103   -0.572  +44.05   -0.058   +0.070
    -0.50    +3.778   -0.341  +43.80   -0.035   +0.070
    -0.01    +0.201   -0.237  +42.96   -0.024   +0.016
    +0.00    +0.000   +0.000   +0.00   +0.000     -nan
    +0.01    +0.203   +0.240  +42.72   +0.024   +0.015
    +0.50    +3.778   +0.353  +44.00   +0.036   +0.069
    +1.50   +11.054   +0.555  +44.04   +0.056   +0.070
    +3.20   +23.309   +0.787  +44.21   +0.080   +0.070
------------------------------------------------------------------

**** Joint 5 : 
  Calibration revision : v12.4.-1596919919
  K_tau    tau_avg  Stiction-  Stiction+  TauMax-  TauMax+  Avg. temp. 
  +0.1020   0.0447  -0.02072    +0.02135  -0.0785   0.0764     +38.98

  Ang. vel.    U        I      Temp     Tau       Km 
    -3.20   +23.566   -0.770  +44.36   -0.079   +0.071
    -1.50   +11.180   -0.599  +44.25   -0.061   +0.071
    -0.50    +3.836   -0.407  +43.91   -0.042   +0.070
    -0.01    +0.197   -0.203  +42.65   -0.021   +0.038
    +0.00    +0.000   +0.000   +0.00   +0.000     -nan
    +0.01    +0.199   +0.209  +42.79   +0.021   +0.035
    +0.50    +3.825   +0.407  +44.18   +0.041   +0.069
    +1.50   +11.128   +0.595  +44.23   +0.061   +0.070
    +3.20   +23.429   +0.749  +44.49   +0.076   +0.071
------------------------------------------------------------------

