**** Joint 0 : 
  Calibration revision : v12.4.-1596919919
  K_tau    tau_avg  Stiction-  Stiction+  TauMax-  TauMax+  Avg. temp. 
  +0.1170   0.1368  -0.08311    +0.08118  -0.2135   0.2279     +38.80

  Ang. vel.    U        I      Temp     Tau       Km 
    -2.30   +20.736   -1.826  +44.01   -0.214   +0.089
    -1.50   +13.560   -1.537  +43.88   -0.180   +0.089
    -0.50    +4.574   -1.129  +43.71   -0.132   +0.089
    -0.01    +0.179   -0.711  +42.71   -0.083   +0.115
    +0.00    +0.000   +0.000   +0.00   +0.000     -nan
    +0.01    +0.180   +0.694  +42.83   +0.081   +0.117
    +0.50    +4.571   +1.118  +43.90   +0.131   +0.089
    +1.50   +13.548   +1.565  +44.01   +0.183   +0.089
    +2.30   +20.711   +1.948  +44.20   +0.228   +0.088
------------------------------------------------------------------

**** Joint 1 : 
  Calibration revision : v12.4.-1596919919
  K_tau    tau_avg  Stiction-  Stiction+  TauMax-  TauMax+  Avg. temp. 
  +0.1177   0.1543  -0.08823    +0.08692  -0.2522   0.2600     +39.06

  Ang. vel.    U        I      Temp     Tau       Km 
    -2.30   +20.886   -2.143  +44.30   -0.252   +0.089
    -1.50   +13.659   -1.740  +44.12   -0.205   +0.089
    -0.50    +4.612   -1.264  +43.72   -0.149   +0.089
    -0.01    +0.182   -0.750  +43.64   -0.088   +0.115
    +0.00    +0.000   +0.000   +0.00   +0.000     -nan
    +0.01    +0.182   +0.739  +43.01   +0.087   +0.116
    +0.50    +4.606   +1.256  +44.03   +0.148   +0.089
    +1.50   +13.633   +1.697  +44.25   +0.200   +0.089
    +2.30   +20.844   +2.210  +44.49   +0.260   +0.089
------------------------------------------------------------------

**** Joint 2 : 
  Calibration revision : v12.4.-1596919919
  K_tau    tau_avg  Stiction-  Stiction+  TauMax-  TauMax+  Avg. temp. 
  +0.0992   0.1054  -0.06153    +0.05901  -0.1851   0.1827     +40.05

  Ang. vel.    U        I      Temp     Tau       Km 
    -3.20   +23.546   -1.867  +45.92   -0.185   +0.071
    -1.50   +11.118   -1.389  +45.70   -0.138   +0.071
    -0.50    +3.776   -0.938  +44.58   -0.093   +0.069
    -0.01    +0.193   -0.621  +45.00   -0.062   +0.007
    +0.00    +0.000   +0.000   +0.00   +0.000     -nan
    +0.01    +0.191   +0.595  +42.17   +0.059   +0.013
    +0.50    +3.771   +0.927  +45.40   +0.092   +0.069
    +1.50   +11.082   +1.385  +45.73   +0.137   +0.070
    +3.20   +23.437   +1.843  +45.92   +0.183   +0.071
------------------------------------------------------------------

**** Joint 3 : 
  Calibration revision : v12.4.-1596919919
  K_tau    tau_avg  Stiction-  Stiction+  TauMax-  TauMax+  Avg. temp. 
  +0.1018   0.0441  -0.02871    +0.02882  -0.0768   0.0753     +39.25

  Ang. vel.    U        I      Temp     Tau       Km 
    -3.20   +23.493   -0.754  +44.56   -0.077   +0.071
    -1.50   +11.123   -0.535  +44.33   -0.055   +0.071
    -0.50    +3.817   -0.390  +43.82   -0.040   +0.070
    -0.01    +0.217   -0.282  +43.84   -0.029   -0.003
    +0.00    +0.000   +0.000   +0.00   +0.000     -nan
    +0.01    +0.218   +0.283  +43.35   +0.029   -0.003
    +0.50    +3.807   +0.386  +44.18   +0.039   +0.069
    +1.50   +11.088   +0.531  +44.42   +0.054   +0.070
    +3.20   +23.390   +0.740  +44.69   +0.075   +0.071
------------------------------------------------------------------

**** Joint 4 : 
  Calibration revision : v12.4.-1596919919
  K_tau    tau_avg  Stiction-  Stiction+  TauMax-  TauMax+  Avg. temp. 
  +0.1021   0.0408  -0.02229    +0.02198  -0.0757   0.0720     +38.95

  Ang. vel.    U        I      Temp     Tau       Km 
    -3.20   +23.556   -0.741  +44.18   -0.076   +0.071
    -1.50   +11.162   -0.535  +44.05   -0.055   +0.071
    -0.50    +3.805   -0.337  +43.77   -0.034   +0.070
    -0.01    +0.197   -0.218  +43.20   -0.022   +0.027
    +0.00    +0.000   +0.000   +0.00   +0.000     -nan
    +0.01    +0.198   +0.215  +43.03   +0.022   +0.030
    +0.50    +3.794   +0.329  +43.96   +0.034   +0.070
    +1.50   +11.114   +0.512  +44.06   +0.052   +0.071
    +3.20   +23.453   +0.705  +44.30   +0.072   +0.071
------------------------------------------------------------------

**** Joint 5 : 
  Calibration revision : v12.4.-1596919919
  K_tau    tau_avg  Stiction-  Stiction+  TauMax-  TauMax+  Avg. temp. 
  +0.1020   0.0468  -0.03033    +0.03026  -0.0808   0.0784     +39.28

  Ang. vel.    U        I      Temp     Tau       Km 
    -3.20   +23.554   -0.793  +44.69   -0.081   +0.071
    -1.50   +11.178   -0.602  +44.47   -0.061   +0.071
    -0.50    +3.823   -0.388  +43.93   -0.040   +0.070
    -0.01    +0.222   -0.297  +43.52   -0.030   -0.010
    +0.00    +0.000   +0.000   +0.00   +0.000     -nan
    +0.01    +0.222   +0.297  +43.25   +0.030   -0.010
    +0.50    +3.817   +0.390  +44.32   +0.040   +0.070
    +1.50   +11.135   +0.597  +44.53   +0.061   +0.070
    +3.20   +23.431   +0.769  +44.81   +0.078   +0.071
------------------------------------------------------------------

