**** Joint 0, serial number 221030081322: 
  Calibration revision : v29.7.1908375434
  K_tau    tau_avg  Stiction-  Stiction+  TauMax-  TauMax+  Avg. temp. 
  +0.1073   0.0374  -0.02348    +0.02230  -0.0661   0.0630     +39.16

  Ang. vel.    U        I      Temp     Tau       Km 
    -3.20   +23.745   -0.616  +44.39   -0.066   +0.072
    -1.50   +11.244   -0.456  +44.26   -0.049   +0.072
    -0.50    +3.834   -0.307  +43.81   -0.033   +0.071
    -0.01    +0.202   -0.219  +43.63   -0.023   +0.031
    +0.00    +0.000   +0.000   +0.00   +0.000     -nan
    +0.01    +0.197   +0.208  +43.50   +0.022   +0.034
    +0.50    +3.831   +0.299  +44.14   +0.032   +0.071
    +1.50   +11.237   +0.446  +44.26   +0.048   +0.072
    +3.20   +23.721   +0.587  +44.49   +0.063   +0.072
------------------------------------------------------------------

**** Joint 1, serial number 221030010622: 
  Calibration revision : v29.7.1908375434
  K_tau    tau_avg  Stiction-  Stiction+  TauMax-  TauMax+  Avg. temp. 
  +0.1068   0.0359  -0.01904    +0.01885  -0.0667   0.0621     +39.00

  Ang. vel.    U        I      Temp     Tau       Km 
    -3.20   +23.652   -0.624  +44.21   -0.067   +0.072
    -1.50   +11.199   -0.462  +44.14   -0.049   +0.072
    -0.50    +3.803   -0.278  +43.82   -0.030   +0.071
    -0.01    +0.188   -0.178  +43.25   -0.019   +0.049
    +0.00    +0.000   +0.000   +0.00   +0.000     -nan
    +0.01    +0.188   +0.176  +43.08   +0.019   +0.050
    +0.50    +3.806   +0.279  +44.08   +0.030   +0.071
    +1.50   +11.191   +0.445  +44.12   +0.048   +0.072
    +3.20   +23.625   +0.582  +44.29   +0.062   +0.072
------------------------------------------------------------------

**** Joint 2, serial number 121070015312: 
  Calibration revision : v29.7.1908375434
  K_tau    tau_avg  Stiction-  Stiction+  TauMax-  TauMax+  Avg. temp. 
  +0.0806   0.0275  -0.01387    +0.01409  -0.0497   0.0472     +39.29

  Ang. vel.    U        I      Temp     Tau       Km 
    -3.20   +18.359   -0.616  +44.71   -0.050   +0.054
    -1.50    +8.794   -0.463  +44.49   -0.037   +0.053
    -0.50    +3.085   -0.312  +43.74   -0.025   +0.051
    -0.01    +0.226   -0.172  +43.83   -0.014   -0.057
    +0.00    +0.000   +0.000   +0.00   +0.000     -nan
    +0.01    +0.227   +0.175  +43.04   +0.014   -0.061
    +0.50    +3.083   +0.309  +44.32   +0.025   +0.051
    +1.50    +8.769   +0.442  +44.60   +0.036   +0.053
    +3.20   +18.319   +0.586  +44.86   +0.047   +0.054
------------------------------------------------------------------

**** Joint 3, serial number 221020043902: 
  Calibration revision : v29.7.1908375434
  K_tau    tau_avg  Stiction-  Stiction+  TauMax-  TauMax+  Avg. temp. 
  +0.0372   0.0165  -0.00596    +0.00594  -0.0296   0.0279     +38.94

  Ang. vel.    U        I      Temp     Tau       Km 
    -6.28   +17.101   -0.796  +43.93   -0.030   +0.024
    -3.14    +8.911   -0.656  +43.81   -0.024   +0.023
    -1.00    +3.128   -0.418  +43.66   -0.016   +0.021
    -0.01    +0.247   -0.160  +43.96   -0.006   -0.135
    +0.00    +0.000   +0.000   +0.00   +0.000     -nan
    +0.01    +0.245   +0.160  +43.52   +0.006   -0.135
    +1.00    +3.119   +0.412  +43.74   +0.015   +0.021
    +3.14    +8.898   +0.645  +43.84   +0.024   +0.023
    +6.28   +17.030   +0.750  +44.03   +0.028   +0.024
------------------------------------------------------------------

**** Joint 4, serial number 221030034803: 
  Calibration revision : v29.7.1908375434
  K_tau    tau_avg  Stiction-  Stiction+  TauMax-  TauMax+  Avg. temp. 
  +0.0368   0.0148  -0.00643    +0.00656  -0.0267   0.0258     +39.06

  Ang. vel.    U        I      Temp     Tau       Km 
    -6.28   +16.808   -0.726  +44.58   -0.027   +0.024
    -3.14    +8.697   -0.565  +44.45   -0.021   +0.023
    -1.00    +3.016   -0.355  +43.88   -0.013   +0.021
    -0.01    +0.266   -0.175  +42.59   -0.006   -0.151
    +0.00    +0.000   +0.000   +0.00   +0.000     -nan
    +0.01    +0.271   +0.178  +42.56   +0.007   -0.155
    +1.00    +3.024   +0.361  +44.32   +0.013   +0.021
    +3.14    +8.700   +0.567  +44.50   +0.021   +0.023
    +6.28   +16.785   +0.702  +44.63   +0.026   +0.024
------------------------------------------------------------------

**** Joint 5, serial number 221020034302: 
  Calibration revision : v29.7.1908375434
  K_tau    tau_avg  Stiction-  Stiction+  TauMax-  TauMax+  Avg. temp. 
  +0.0373   0.0132  -0.00537    +0.00552  -0.0247   0.0240     +38.59

  Ang. vel.    U        I      Temp     Tau       Km 
    -6.28   +16.940   -0.662  +44.03   -0.025   +0.024
    -3.14    +8.714   -0.500  +44.00   -0.019   +0.024
    -1.00    +2.979   -0.302  +43.80   -0.011   +0.022
    -0.01    +0.229   -0.144  +41.69   -0.005   -0.115
    +0.00    +0.000   +0.000   +0.00   +0.000     -nan
    +0.01    +0.235   +0.148  +41.72   +0.006   -0.118
    +1.00    +2.978   +0.301  +44.00   +0.011   +0.022
    +3.14    +8.694   +0.485  +43.99   +0.018   +0.024
    +6.28   +16.921   +0.643  +44.06   +0.024   +0.024
------------------------------------------------------------------

